[196.954208, 127.786575, -240.140961]
[196.954208, 127.786575, -240.140961]
[196.954208, 127.748428, -240.263031]
[196.954208, 127.710281, -240.156219]
[196.954208, 127.939163, -240.324066]
[196.954208, 127.763687, -240.186737]
[196.954208, 127.672134, -240.247772]
[196.954208, 127.778946, -240.057037]
[196.954208, 127.778946, -240.095184]
[196.954208, 127.725540, -240.247772]
[196.954208, 127.893387, -240.263031]
[196.954208, 127.672134, -240.049408]
[196.954208, 127.847610, -240.079926]
[196.954208, 127.695023, -240.209625]
[196.954208, 127.855240, -240.247772]
[196.954208, 127.824722, -240.125702]
[196.954208, 127.901016, -240.339325]
[196.954208, 127.778946, -240.194366]
[196.954208, 127.962051, -240.125702]
[196.954208, 127.717911, -240.247772]
[196.954208, 127.847610, -240.179108]
[196.954208, 127.786575, -240.293549]
[196.954208, 127.817093, -240.293549]
[196.954208, 127.664505, -240.263031]
[196.954208, 127.740799, -240.133331]
[196.954208, 127.778946, -240.102814]
[196.954208, 127.893387, -240.186737]
[196.954208, 127.992569, -240.270660]
[196.954208, 127.832352, -240.118073]
[196.954208, 127.801834, -240.217255]
[196.954208, 127.801834, -240.011261]
[196.954208, 127.839981, -240.163849]
[196.954208, 127.832352, -240.224884]
[196.954208, 127.786575, -240.171478]
[196.954208, 127.786575, -239.988373]
[196.954208, 127.923904, -240.270660]
[196.954208, 127.710281, -240.163849]
[196.954208, 127.763687, -240.201996]
[196.954208, 127.855240, -239.980743]
[196.954208, 127.778946, -240.255402]
[196.954208, 127.756058, -240.064667]
[196.954208, 127.839981, -240.278290]
[196.954208, 127.992569, -240.087555]
[196.954208, 127.809464, -240.049408]
[196.954208, 127.832352, -240.110443]
[196.954208, 127.687393, -240.118073]
[196.954208, 127.794205, -240.057037]
[196.954208, 127.656876, -240.171478]
[196.954208, 127.794205, -239.988373]
[196.954208, 127.740799, -240.133331]
[196.954208, 127.893387, -240.079926]
[196.954208, 127.748428, -240.194366]
[196.954208, 127.901016, -240.110443]
[196.954208, 127.839981, -240.209625]
[196.954208, 127.809464, -240.118073]
[196.954208, 127.771317, -239.934967]
[196.954208, 127.855240, -240.179108]
[196.954208, 127.786575, -239.996002]
[196.954208, 127.893387, -240.087555]
[196.954208, 127.832352, -240.179108]
[196.954208, 127.794205, -240.110443]
[196.954208, 127.923904, -240.156219]
[196.954208, 127.893387, -240.186737]
[196.954208, 127.748428, -240.270660]
[196.954208, 127.855240, -239.950226]
[196.954208, 127.885757, -240.186737]
[196.954208, 127.954422, -240.125702]
[196.954208, 127.794205, -239.996002]
[196.954208, 127.725540, -240.247772]
[196.954208, 127.817093, -240.148590]
[196.954208, 127.786575, -239.927338]
[196.954208, 127.763687, -240.148590]
[196.954208, 127.908646, -240.087555]
[196.954208, 127.870499, -240.057037]
[196.954208, 127.695023, -240.026520]
[196.954208, 127.763687, -240.011261]
[196.954208, 127.801834, -240.118073]
[196.954208, 127.702652, -240.217255]
[196.954208, 128.023087, -240.125702]
[196.954208, 127.702652, -240.102814]
[196.954208, 127.839981, -239.965485]
[196.954208, 127.969681, -240.064667]
[196.954208, 127.916275, -240.087555]
[196.954208, 127.847610, -240.034149]
[196.954208, 127.832352, -240.041779]
[196.954208, 127.824722, -240.232513]
[196.954208, 127.870499, -240.140961]
[196.954208, 127.824722, -239.973114]
[196.954208, 127.801834, -240.034149]
[196.954208, 127.748428, -240.163849]
[196.954208, 127.786575, -240.140961]
[196.954208, 127.778946, -240.171478]
[196.954208, 127.893387, -240.102814]
[196.954208, 127.756058, -240.072296]
[196.954208, 127.702652, -240.087555]
[196.954208, 127.756058, -240.156219]
[196.954208, 127.778946, -240.087555]
[196.954208, 127.847610, -240.140961]
[196.954208, 127.748428, -240.194366]
[196.954208, 127.893387, -240.171478]
