[-165.649414, -172.912598, 999.267578]
[-165.649414, -172.912598, 999.267578]
[-165.649414, -172.912598, 999.267578]
[-165.283203, -172.363281, 998.718262]
[-169.189453, -171.325684, 998.107910]
[-166.198730, -172.302246, 997.802734]
[-167.968750, -173.645020, 997.192383]
[-164.123535, -172.851562, 997.924805]
[-164.184570, -171.264648, 1001.403809]
[-165.161133, -172.363281, 999.389648]
[-165.222168, -170.654297, 999.206543]
[-165.710449, -173.461914, 1001.281738]
[-165.344238, -172.241211, 1000.610352]
[-168.823242, -169.677734, 997.863770]
[-169.372559, -170.532227, 998.962402]
[-167.175293, -174.743652, 994.873047]
[-166.564941, -174.865723, 998.779297]
[-166.809082, -172.912598, 997.863770]
[-165.161133, -171.325684, 997.253418]
[-165.466309, -173.034668, 997.253418]
[-166.320801, -175.720215, 1000.305176]
[-167.175293, -172.729492, 998.718262]
[-169.860840, -173.034668, 997.802734]
[-167.175293, -171.508789, 995.117188]
[-168.701172, -174.682617, 998.229980]
[-167.053223, -172.058105, 998.535156]
[-165.466309, -172.668457, 996.582031]
[-166.748047, -172.851562, 997.436523]
[-166.809082, -172.241211, 996.398926]
[-167.968750, -174.987793, 997.741699]
[-161.560059, -174.255371, 998.657227]
[-163.208008, -170.715332, 995.300293]
[-166.076660, -170.043945, 997.680664]
[-164.550781, -173.095703, 1000.000000]
[-164.733887, -173.461914, 999.267578]
[-165.283203, -172.790527, 998.107910]
[-167.053223, -174.011230, 998.168945]
[-169.433594, -171.813965, 1000.488281]
[-164.245605, -171.447754, 995.361328]
[-165.344238, -172.912598, 997.314453]
[-165.710449, -177.246094, 1000.366211]
[-166.870117, -172.790527, 1000.549316]
[-166.076660, -172.363281, 995.971680]
[-165.283203, -173.339844, 995.971680]
[-170.654297, -172.973633, 997.680664]
[-164.184570, -171.875000, 998.779297]
[-165.771484, -175.109863, 998.779297]
[-165.283203, -172.851562, 1000.427246]
[-165.710449, -171.752930, 996.582031]
[-167.724609, -170.776367, 1000.793457]
[-165.466309, -172.424316, 999.511719]
[-165.283203, -174.438477, 999.511719]
[-166.198730, -169.799805, 997.863770]
[-166.137695, -175.354004, 996.582031]
[-167.419434, -173.217773, 1000.610352]
[-165.039062, -174.438477, 995.727539]
[-166.259766, -172.424316, 999.145508]
[-163.513184, -171.020508, 998.229980]
[-167.968750, -174.499512, 999.511719]
[-168.518066, -172.607422, 999.206543]
[-166.320801, -173.461914, 998.474121]
[-165.344238, -175.170898, 996.032715]
[-166.503906, -173.156738, 995.544434]
[-168.823242, -173.034668, 1000.671387]
[-167.053223, -174.072266, 998.596191]
[-165.954590, -176.452637, 997.192383]
[-167.724609, -174.194336, 997.802734]
[-165.039062, -172.363281, 998.291016]
[-164.489746, -172.058105, 992.675781]
[-167.114258, -175.231934, 999.389648]
[-165.222168, -175.292969, 994.384766]
[-166.564941, -174.560547, 996.459961]
[-165.222168, -173.278809, 993.774414]
[-167.297363, -174.011230, 1002.502441]
[-165.649414, -173.706055, 1000.854492]
[-169.555664, -175.292969, 998.352051]
[-168.945312, -174.743652, 997.009277]
[-170.532227, -173.522949, 1000.122070]
[-171.203613, -172.668457, 998.657227]
[-164.489746, -172.485352, 999.023438]
[-165.649414, -172.851562, 997.253418]
[-167.541504, -173.278809, 994.018555]
[-165.100098, -171.508789, 994.873047]
[-168.151855, -173.461914, 997.375488]
[-168.395996, -173.645020, 996.459961]
[-167.053223, -174.255371, 997.314453]
[-166.015625, -174.682617, 994.934082]
[-168.945312, -169.799805, 999.389648]
[-168.151855, -172.241211, 996.887207]
[-166.076660, -174.926758, 994.506836]
[-163.635254, -174.499512, 999.145508]
[-167.907715, -158.752441, 998.046875]
[-167.846680, -175.598145, 998.291016]
[-163.818359, -172.668457, 997.009277]
[-165.283203, -171.142578, 998.046875]
[-168.457031, -170.837402, 1000.671387]
[-167.175293, -173.767090, 998.291016]
[-162.780762, -172.607422, 995.910645]
[-166.198730, -173.217773, 994.262695]
[-165.527344, -172.485352, 999.145508]
